TRIP
DATE 2025-03-23
DECLINATION -0.24112926
DATA
0		126.01	-9.77	10.435	>
0		210.02	-15.73	16.130	>
0		274.98	-0.49	7.209	>
0		333.93	-86.30	0.734	>
0		198.91	-26.30	16.400	>
0		200.17	-24.90	16.736	>
0		330.84	6.16	2.471	>
0		31.28	1.38	3.478	>
0		89.19	-3.40	4.272	>
0		160.66	-9.62	2.699	>
0		53.32	-77.30	0.998	>
0		55.34	-6.95	4.420	>
0		65.65	-6.59	2.709	>
0		65.66	-6.50	2.707	>
0		65.69	-6.55	2.709	>
0		31.30	-10.01	1.865	>
0		122.70	4.45	2.250	>
0		350.87	-22.70	2.406	>
0		290.29	-45.55	4.486	>
0		289.13	-44.64	4.572	>
0		118.60	-73.47	6.569	>
0		7.09	-86.60	18.456	>
0		182.40	-86.51	5.526	>
0		184.99	-86.53	5.526	>
0		183.10	-86.48	5.526	>
0		183.50	-86.51	5.526	>
0		319.83	2.01	1.426	>
0		71.84	-71.07	0.888	>
0		160.09	-9.44	2.772	>
0		94.86	-3.84	4.260	>
0		65.92	-6.41	2.708	>
0		65.97	-6.36	2.713	>
0		65.80	-6.33	2.711	>
0	1	200.28	-24.58	16.370	>
1		94.45	-4.20	4.238	>
1		338.23	-2.29	1.772	>
1		66.04	-4.93	2.688	>
1		65.89	-5.27	2.689	>
1		65.92	-5.34	2.690	>
1	2	65.95	-5.18	2.689	>
2		34.75	-18.77	1.859	>
2		106.97	7.64	2.519	>
2		95.60	-48.25	2.366	>
2		30.61	-52.05	2.954	>
2		303.20	-36.23	4.642	>
2		210.47	-86.56	5.512	>
2		211.09	-86.62	5.512	>
2		212.60	-86.60	5.510	>
2	3	211.38	-86.59	5.511	>
3		131.75	-3.78	1.772	>
3		104.00	-2.24	2.867	>
3		70.51	-1.72	2.435	>
3		4.14	1.38	1.514	>
3		215.39	0.80	1.767	>
3		167.03	7.81	2.852	>
3		146.04	2.89	2.336	>
3		196.63	-85.02	9.963	>
3		197.06	-85.03	9.957	>
3		198.16	-85.11	9.958	>
3	4	197.28	-85.06	9.959	>
4		52.08	3.46	2.487	>
4		288.95	-1.55	0.752	>
4		147.83	5.82	1.171	>
4		116.20	-7.40	5.227	>
4		219.85	7.04	4.612	>
4		14.04	-84.74	25.729	>
4		14.28	-84.57	25.719	>
4		16.46	-84.41	25.453	>
4	5	14.92	-84.57	25.634	>
5		224.62	5.11	1.135	>
5		108.28	7.30	0.848	>
5		128.22	10.13	2.003	>
5		175.62	4.52	2.621	>
5		161.13	9.89	2.246	>
5		160.95	9.98	2.241	>
5		160.95	10.04	2.240	>
5	6	161.01	9.97	2.242	>
6		229.99	-80.65	1.407	>
6		275.95	-1.86	2.029	>
6		168.85	-5.50	1.652	>
6		149.86	-9.42	2.033	>
6		149.62	-9.46	2.032	>
6		149.86	-9.49	2.026	>
6		285.23	-0.27	2.387	>
6		285.37	-0.14	2.376	>
6		285.42	-0.10	2.385	>
6	7	149.78	-9.46	2.030	>
7		101.41	-86.93	0.963	>
7		98.99	-6.77	0.496	>
7		81.69	67.01	1.336	>
7		172.10	1.18	5.565	>
7		172.25	1.33	5.566	>
7		172.08	1.27	5.568	>
7	8	172.14	1.26	5.566	>
8		171.99	1.21	5.579	>
8		172.25	1.28	5.573	>
8		172.22	1.15	5.572	>
8		172.29	1.37	5.569	>
8		49.95	-1.30	1.473	>
8		56.65	-47.47	0.818	>
8		56.01	62.95	1.357	>
8		132.76	20.77	3.218	>
8		132.84	20.86	3.219	>
8		132.84	20.91	3.219	>
8	9	132.81	20.84	3.219	>
9		255.81	6.70	0.360	>
9		36.36	12.37	0.406	>
9		317.16	52.05	1.001	>
9		159.68	70.71	6.105	>
9		154.57	66.73	3.306	>
9		151.55	49.55	4.285	>
9		140.01	55.72	1.340	>
9		141.54	56.00	1.341	>
9		141.73	55.87	1.332	>
9	10	141.09	55.86	1.338	>
10		197.39	-4.27	1.003	>
10		141.74	-2.63	1.972	>
10		146.04	-74.79	1.269	>
10		134.35	-32.48	1.232	>
10		134.09	-32.36	1.234	>
10		134.01	-32.37	1.233	>
10	11	134.15	-32.40	1.233	>
11		245.93	-4.88	0.897	>
11		352.45	8.01	0.311	>
11		267.33	-72.63	0.735	>
11		357.78	-63.62	5.368	>
11		357.62	-63.59	5.368	>
11		357.59	-63.58	5.370	>
11	12	357.66	-63.59	5.369	>
12		214.93	-5.34	0.885	>
12		168.21	19.52	0.570	>
12		319.16	-52.85	1.785	>
12		228.46	-29.81	0.952	>
12		66.99	-83.30	6.628	>
12		67.91	-83.08	6.620	>
12		68.40	-83.18	6.614	>
12	13	67.77	-83.19	6.621	>
13		197.52	-1.12	2.604	>
13		110.31	-2.06	1.919	>
13		134.71	-68.03	1.408	>
13		44.27	-9.14	1.518	>
13		42.85	-59.43	2.743	>
13		43.20	-59.01	2.750	>
13		43.13	-59.05	2.753	>
13	14	43.06	-59.16	2.749	>
14		306.91	4.06	1.130	>
14		340.53	72.28	2.277	>
14		114.52	15.51	0.290	>
14		6.85	-29.71	0.640	>
14		61.66	-5.16	1.630	>
14		61.59	-5.26	1.625	>
14		61.44	-5.25	1.622	>
14	15	61.56	-5.23	1.626	>
15		194.72	5.50	0.654	>
15		192.29	60.92	0.287	>
15		179.10	-78.56	0.335	>
15		126.24	-1.06	2.238	>
15		126.12	-0.98	2.238	>
15		126.03	-1.11	2.241	>
15	16	126.13	-1.05	2.239	>
16		206.26	79.18	0.253	>
16		260.35	0.61	0.772	>
16		161.31	-78.65	0.452	>
16		179.93	-12.46	1.873	>
16		179.35	-12.42	1.864	>
16		179.52	-12.46	1.865	>
16	17	179.60	-12.45	1.867	>
17		327.55	-71.13	0.404	>
17		286.32	-0.80	0.585	>
17		246.96	72.75	0.355	>
17		233.86	-9.87	6.571	>
17		233.53	-9.88	6.576	>
17		233.33	-9.88	6.570	>
17	18	233.57	-9.87	6.572	>
18		122.83	-77.95	1.204	>
18		201.94	-2.98	1.049	>
18		145.81	56.28	0.280	>
18		337.86	-1.14	1.712	>
18		251.43	-35.69	1.343	>
18		251.28	-35.83	1.336	>
18		251.70	-35.74	1.339	>
18	19	251.47	-35.76	1.339	>
19		3.79	-0.21	1.014	>
19		347.35	60.74	1.175	>
19		139.31	-88.63	11.673	>
19		140.17	-88.65	11.639	>
19		137.11	-88.64	10.834	>
19		296.67	-37.88	3.930	>
19		296.20	-37.94	3.953	>
19		296.41	-37.92	3.954	>
19	20	139.05	-88.66	10.835	>
20		35.11	-34.57	2.633	>
20		35.07	-34.40	2.641	>
20		35.29	-34.44	2.621	>
20	21	296.43	-37.91	3.946	>
21		119.79	-67.45	1.095	>
21		136.16	15.28	1.686	>
21		137.13	48.96	1.345	>
21		192.29	-38.38	6.732	>
21		192.64	-38.29	6.733	>
21		192.68	-38.27	6.731	>
21		310.75	-27.66	2.322	>
21		6.85	-7.33	1.232	>
21		276.39	-8.39	0.535	>
21		322.36	-70.93	1.026	>
21		309.79	-27.59	2.260	>
21		303.95	-27.27	2.273	>
21		303.81	-27.34	2.271	>
21		303.95	-27.45	2.272	>
21	22	192.54	-38.31	6.732	>
22		86.22	3.80	0.477	>
22		19.72	82.20	1.998	>
22		58.58	-70.61	1.631	>
22		161.18	-69.31	8.939	>
22		161.78	-69.11	8.598	>
22		161.45	-69.41	8.908	>
22		161.39	-69.60	8.937	>
22		161.27	-69.60	8.944	>
22	23	161.55	-69.65	9.082	>
23	24	303.90	-27.35	2.272	>
24		261.02	61.15	0.570	>
24		180.65	6.38	0.801	>
24		179.48	-42.43	0.198	>
24		233.13	-4.03	2.643	>
24		233.06	-3.92	2.636	>
24		233.11	-3.99	2.637	>
24	25	233.10	-3.98	2.639	>
25		333.55	-2.45	0.772	>
25		328.71	-69.66	0.475	>
25		325.70	22.98	0.243	>
25		246.39	-19.91	1.454	>
25		246.43	-20.00	1.451	>
25		246.57	-19.98	1.448	>
25	26	246.46	-19.96	1.451	>
20	20.1	35.15	-34.47	2.632	>
20.1		67.62	78.25	0.565	>
20.1		138.22	52.65	0.801	>
20.1		103.48	-55.18	1.648	>
20.1		103.60	-56.44	1.658	>
20.1		103.58	-56.62	1.659	>
20.1		278.85	-19.96	0.543	>
20.1		3.74	-3.83	0.359	>
20.1		201.95	0.82	0.447	>
20.1		162.26	-84.22	1.864	>
20.1		50.70	19.63	0.689	>
20.1		104.11	7.84	0.653	>
20.1		175.97	4.95	0.926	>
20.1		96.36	1.90	0.665	>
20.1		94.54	2.10	0.664	>
20.1		94.41	1.85	0.667	>
20.1		72.48	10.44	0.569	>
20.1		50.73	84.02	0.511	>
20.1		74.42	-53.87	0.968	>
20.1		74.04	-53.90	0.963	>
20.1		74.02	-53.67	0.963	>
20.1	20.2	74.16	-53.81	0.965	>
20.2		231.00	9.34	0.501	>
20.2		102.47	8.57	0.472	>
20.2		149.25	4.73	0.498	>
20.2		138.08	-39.90	0.625	>
20.2		138.21	-38.15	0.620	>
20.2		138.50	-38.31	0.625	>
20.2	20.3	138.26	-38.79	0.623	>
20.3		223.87	0.31	0.416	>
20.3		293.87	-24.08	0.537	>
20.3		166.90	-85.55	1.859	>
20.3		165.88	-85.62	1.857	>
20.3		165.43	-85.63	1.858	>
20.3	20.4	166.07	-85.60	1.858	>
20.4		50.38	-2.88	0.888	>
20.4		94.10	4.15	0.676	>
20.4		93.49	-7.48	0.669	>
20.4		56.89	-12.38	0.782	>
20.4		70.82	-23.77	0.857	>
20.4		71.46	-23.18	0.857	>
20.4		71.37	-22.82	0.858	>
20.4	20.5	71.22	-23.26	0.857	>
20.5		77.32	-85.05	2.691	>
20.5		77.20	-85.58	2.686	>
20.5		76.99	-85.57	2.690	>
20.5	20.6	77.17	-85.40	2.689	>
6	6.1	285.34	-0.17	2.383	>
6.1		92.00	-1.68	0.563	>
6.1		158.01	87.67	3.383	>
6.1		6.37	1.90	1.388	>
6.1		100.70	-76.06	2.691	>
6.1		100.27	-76.27	2.701	>
6.1		99.99	-76.25	2.693	>
6.1	6.2	100.32	-76.19	2.695	>
6.2		240.57	13.33	1.226	>
6.2		311.46	-17.29	0.933	>
6.2		23.58	27.62	0.611	>
6.2		237.83	-87.85	6.349	>
6.2		237.47	-87.85	6.368	>
6.2		235.30	-87.90	6.416	>
6.2	6.3	236.87	-87.87	6.378	>
6.3		106.42	4.64	0.843	>
6.3		169.12	8.88	0.792	>
6.3		73.71	-71.24	2.507	>
6.3		74.42	-71.38	2.510	>
6.3		74.22	-71.41	2.514	>
6.3	6.4	74.12	-71.34	2.510	>
6.4		264.18	-9.15	0.586	>
6.4		188.95	15.29	1.358	>
6.4		227.47	5.81	0.798	>
6.4		331.82	11.10	1.947	>
6.4		331.74	11.16	1.946	>
6.4		331.79	11.17	1.946	>
6.4	6.5	331.78	11.14	1.946	>
6.5		96.11	-2.84	0.400	>
6.5		15.03	0.80	0.850	>
6.5		179.15	-39.25	1.215	>
6.5		96.82	-84.11	11.900	>
6.5		96.45	-84.17	11.931	>
6.5		96.58	-84.15	11.932	>
6.5	6.6	96.62	-84.14	11.921	>
6.6		104.55	1.90	0.447	>
6.6		179.95	-7.49	1.385	>
6.6		6.27	2.20	1.854	>
6.6		42.24	-54.48	3.256	>
6.6		39.74	-69.84	2.941	>
6.6		40.09	-69.66	2.938	>
6.6		40.02	-69.85	2.940	>
6.6	6.7	39.95	-69.78	2.940	>
6.7		310.50	2.39	0.715	>
6.7		251.35	-19.20	0.925	>
6.7		216.63	-74.49	1.445	>
6.7		202.55	-48.60	1.794	>
6.7		202.43	-48.94	1.791	>
6.7		202.21	-48.99	1.795	>
6.7	6.8	202.40	-48.84	1.793	>
6.8		101.57	2.53	0.476	>
6.8		72.21	-63.30	0.706	>
6.8		170.43	39.17	1.420	>
6.8		163.37	-53.86	3.009	>
6.8		180.49	-36.59	3.627	>
6.8		180.68	-36.73	3.620	>
6.8		180.82	-36.85	3.625	>
6.8	6.9	180.67	-36.72	3.624	>
6.9		107.43	13.96	0.439	>
6.9		167.37	4.06	0.441	>
6.9		55.48	-56.25	1.531	>
6.9		149.91	-74.33	3.752	>
6.9		149.06	-74.50	3.764	>
6.9		149.05	-74.67	3.762	>
6.9	6.10	149.34	-74.50	3.759	>
6.10		86.83	4.69	0.483	>
6.10		21.37	25.05	0.981	>
6.10		117.27	-57.68	1.360	>
6.10		176.12	-24.71	3.098	>
6.10		176.33	-24.82	3.096	>
6.10		176.09	-24.92	3.091	>
6.10	6.11	176.18	-24.82	3.095	>
6.11		91.15	0.59	0.569	>
6.11		165.35	-0.38	0.659	>
6.11		165.32	79.74	2.830	>
6.11		38.50	81.77	1.130	>
6.11		97.42	-62.75	1.165	>
6.11		97.64	-62.60	1.166	>
6.11		97.40	-62.56	1.161	>
6.11	6.12	97.49	-62.64	1.164	>
6.12		255.14	4.65	0.369	>
6.12		317.62	10.46	0.369	>
6.12		70.47	-83.04	1.595	>
6.12		174.07	-5.89	0.992	>
6.12		229.14	-72.77	0.950	>
6.12		231.66	-72.70	0.943	>
6.12		231.83	-72.69	0.943	>
6.12	6.13	230.88	-72.72	0.945	>
6.13		95.50	-6.04	0.393	>
6.13		34.03	-3.71	0.502	>
6.13		177.60	-18.97	0.963	>
6.13		186.44	-58.76	3.782	>
6.13		186.44	-58.80	3.783	>
6.13		186.48	-58.74	3.781	>
6.13	6.14	186.45	-58.77	3.782	>
6.14		76.98	2.91	0.679	>
6.14		30.57	-82.04	0.455	>
6.14		175.41	-1.55	0.951	>
6.14		146.44	74.86	1.758	>
6.14		0.40	-0.24	1.159	>
6.14		132.29	-14.21	2.005	>
6.14		131.93	-14.00	2.008	>
6.14		132.10	-13.92	2.011	>
6.14	6.15	132.11	-14.04	2.008	>
6.15		171.81	87.40	0.800	>
6.15		204.35	17.30	0.859	>
6.15		43.38	24.43	0.484	>
6.15		109.18	-3.81	1.632	>
6.15		109.01	-4.12	1.633	>
6.15		108.87	-3.91	1.625	>
6.15	6.16	109.02	-3.95	1.630	>
6.16		90.82	68.68	0.470	>
6.16		15.18	6.86	0.680	>
6.16		7.37	-0.52	1.290	>
6.16		52.70	11.23	1.076	>
6.16		135.96	-39.95	2.810	>
6.16		135.41	-39.99	2.808	>
6.16		135.20	-39.97	2.804	>
6.16	6.17	135.52	-39.97	2.807	>
6.17		118.14	82.81	0.604	>
6.17		37.78	0.48	0.368	>
6.17		352.36	-74.16	0.713	>
6.17		280.22	4.79	0.834	>
6.17		98.88	-54.07	2.397	>
6.17		98.44	-55.14	2.394	>
6.17		98.49	-55.17	2.394	>
6.17	6.18	98.61	-54.80	2.395	>
6.18		260.44	-12.58	0.485	>
6.18		275.49	-81.47	1.073	>
6.18		191.56	21.99	0.335	>
6.18		340.64	-10.57	0.645	>
6.18		304.61	76.46	0.814	>
6.18		201.58	-51.61	3.297	>
6.18		201.01	-51.73	3.289	>
6.18		201.49	-51.72	3.300	>
6.18	6.19	201.36	-51.69	3.295	>
6.19		90.04	15.07	0.642	>
6.19		148.26	82.57	1.184	>
6.19		80.89	-44.10	0.920	>
6.19		152.66	-28.92	1.308	>
6.19		152.55	-28.77	1.308	>
6.19		153.01	-28.73	1.309	>
6.19	6.20	152.74	-28.81	1.308	>
6.20		280.50	-1.16	0.414	>
6.20		253.66	71.02	0.709	>
6.20		224.35	-52.81	0.738	>
6.20		225.92	-18.41	0.795	>
6.20		225.70	-18.96	0.800	>
6.20		106.20	-6.15	0.415	>
6.20		43.05	-85.93	0.441	>
6.20		127.64	28.54	0.284	>
6.20		186.33	-15.63	2.545	>
6.20		186.20	-15.46	2.545	>
6.20		186.10	-15.35	2.539	>
6.20	6.21	225.37	-19.34	0.811	>
6.21	6.20.1	186.21	-15.48	2.543	>
6.20.1		99.22	5.25	0.439	>
6.20.1		65.15	60.91	0.598	>
6.20.1		75.37	-51.97	0.377	>
6.20.1		190.98	71.72	1.332	>
6.20.1		192.09	65.03	4.234	>
6.20.1		197.05	65.91	4.870	>
6.20.1		182.10	30.05	0.916	>
6.20.1		164.22	25.69	1.090	>
6.20.1		168.43	-23.82	0.807	>
6.20.1		168.46	-23.79	0.812	>
6.20.1		168.47	-23.53	0.810	>
6.20.1	6.20.2	168.45	-23.72	0.810	>
6.20.2		274.66	2.36	0.490	>
6.20.2		68.13	69.51	0.542	>
6.20.2		227.45	72.82	1.599	>
6.20.2		203.98	-27.61	1.717	>
6.20.2		203.74	-27.46	1.720	>
6.20.2		203.72	-27.55	1.720	>
6.20.2	6.20.3	203.81	-27.54	1.719	>
6.20.3		93.03	4.42	0.476	>
6.20.3		194.16	-2.25	2.430	>
6.20.3		169.59	-4.84	2.786	>
6.20.3		179.75	-3.74	6.177	>
6.20.3		196.22	44.84	3.175	>
6.20.3		195.95	45.19	3.179	>
6.20.3		195.85	45.30	3.183	>
6.20.3	6.20.4	196.01	45.11	3.179	>
6.20.4		83.25	-2.33	1.075	>
6.20.4		308.18	9.02	1.121	>
6.20.4		11.81	19.77	2.394	>
6.20.4		8.97	32.66	2.491	>
6.20.4		4.22	57.99	3.698	>
6.20.4		120.24	-73.88	4.257	>
6.20.4		149.79	-65.30	4.187	>
6.20.4		165.50	-18.50	1.321	>
6.20.4		152.79	-51.70	3.250	>
6.20.4		108.18	-76.00	5.813	>
6.20.4		151.00	-62.47	2.942	>
6.20.4		151.14	-62.52	2.962	>
6.20.4		151.16	-62.39	2.961	>
6.20.4	6.20.5	151.10	-62.46	2.955	>
6.20.5		351.64	-70.54	3.608	>
6.20.5		172.57	-87.90	1.423	>
6.20.5		182.10	-2.33	3.647	>
6.20.5		183.05	5.66	4.020	>
6.20.5		181.44	-4.27	3.123	>
6.20.5		181.40	-3.97	3.119	>
6.20.5		181.55	-4.00	3.136	>
6.20.5	6.20.6	181.46	-4.08	3.126	>
6.20.6		116.15	21.03	0.313	>
6.20.6		279.51	-14.32	0.233	>
6.20.6		250.03	71.04	1.189	>
6.20.6		211.50	50.57	1.431	>
6.20.6		210.86	51.03	1.432	>
6.20.6		210.97	51.16	1.429	>
6.20.6	6.20.7	211.11	50.92	1.431	>
6.20.7		109.17	13.52	0.444	>
6.20.7		155.98	-82.52	0.661	>
6.20.7		52.02	82.02	1.458	>
6.20.7		167.47	53.93	1.319	>
6.20.7		167.07	54.44	1.330	>
6.20.7		166.82	54.80	1.312	>
6.20.7	6.20.8	167.12	54.39	1.320	>
6.20.8		276.80	-3.69	0.460	>
6.20.8		201.84	-14.22	1.832	>
6.20.8		207.42	17.49	2.087	>
6.20.8		208.64	-44.78	1.696	>
6.20.8		2.41	6.43	1.755	>

PLAN
STATIONS
0.000	0.000	0
-5.160	-13.964	1
-2.715	-12.873	2
-2.885	-13.152	3
-3.140	-13.972	4
-2.516	-11.628	5
-1.797	-13.716	6
-0.789	-15.446	7
-0.029	-20.959	8
2.178	-23.003	9
2.650	-23.588	10
3.397	-24.313	11
3.299	-21.927	12
4.026	-21.630	13
4.988	-20.600	14
6.412	-19.829	15
8.220	-21.149	16
8.232	-22.973	17
3.023	-26.818	18
1.993	-27.163	19
2.159	-27.354	20
-0.629	-25.969	21
-1.776	-31.125	22
-0.777	-34.121	23
-2.452	-32.996	24
-4.557	-34.576	25
-5.807	-35.121	26
3.408	-25.581	20.1
3.956	-25.425	20.2
4.279	-25.788	20.3
4.314	-25.926	20.4
5.059	-25.672	20.5
5.270	-25.625	20.6
-4.095	-13.086	6.1
-3.462	-13.201	6.2
-3.661	-13.330	6.3
-2.888	-13.111	6.4
-3.791	-11.428	6.5
-2.583	-11.568	6.6
-1.931	-10.789	6.7
-2.381	-11.881	6.8
-2.414	-14.785	6.9
-1.902	-15.649	6.10
-1.715	-18.452	6.11
-1.185	-18.522	6.12
-1.403	-18.699	6.13
-1.623	-20.648	6.14
-0.178	-21.954	6.15
1.360	-22.484	6.16
2.867	-24.019	6.17
4.232	-24.226	6.18
3.488	-26.128	6.19
4.013	-27.147	6.20
3.468	-27.685	6.21
3.203	-30.121	6.20.1
3.352	-30.847	6.20.2
2.736	-32.242	6.20.3
2.118	-34.398	6.20.4
2.778	-35.595	6.20.5
2.698	-38.712	6.20.6
2.232	-39.484	6.20.7
2.404	-40.233	6.20.8
SHOTS
0.000	0.000	8.319	-6.046
0.000	0.000	-7.768	-13.443
0.000	0.000	-7.181	0.626
0.000	0.000	-0.021	0.043
0.000	0.000	-4.764	-13.909
0.000	0.000	-5.235	-14.250
0.000	0.000	-1.197	2.145
0.000	0.000	1.805	2.972
0.000	0.000	4.264	0.061
0.000	0.000	0.881	-2.511
0.000	0.000	0.176	0.131
0.000	0.000	3.609	2.495
0.000	0.000	0.954	1.569
0.000	0.000	1.888	-1.212
0.000	0.000	-0.352	2.192
0.000	0.000	-2.946	1.089
0.000	0.000	-3.073	1.066
0.000	0.000	1.641	-0.895
0.000	0.000	0.135	1.086
0.000	0.000	-0.021	-0.336
0.000	0.000	-0.919	1.089
0.000	0.000	0.274	0.090
0.000	0.000	0.931	-2.571
0.000	0.000	4.235	-0.360
0.000	0.000	-5.160	-13.964
-5.160	-13.964	-0.946	-14.292
-5.160	-13.964	-5.817	-12.320
-5.160	-13.964	-2.715	-12.873
-2.715	-12.873	-1.711	-11.426
-2.715	-12.873	-0.327	-13.602
-2.715	-12.873	-1.147	-13.026
-2.715	-12.873	-1.790	-11.309
-2.715	-12.873	-5.848	-10.822
-2.715	-12.873	-2.885	-13.152
-2.885	-13.152	-1.566	-14.330
-2.885	-13.152	-0.106	-13.845
-2.885	-13.152	-0.591	-12.340
-2.885	-13.152	-2.776	-11.643
-2.885	-13.152	-3.908	-14.593
-2.885	-13.152	-2.251	-15.906
-2.885	-13.152	-1.582	-15.087
-2.885	-13.152	-3.140	-13.972
-3.140	-13.972	-1.182	-12.446
-3.140	-13.972	-3.851	-13.728
-3.140	-13.972	-2.520	-14.958
-3.140	-13.972	1.511	-16.260
-3.140	-13.972	-6.073	-17.486
-3.140	-13.972	-2.516	-11.628
-2.516	-11.628	-3.310	-12.433
-2.516	-11.628	-1.717	-11.892
-2.516	-11.628	-0.967	-12.848
-2.516	-11.628	-2.316	-14.233
-2.516	-11.628	-1.797	-13.716
-1.797	-13.716	-1.972	-13.863
-1.797	-13.716	-3.814	-13.506
-1.797	-13.716	-1.479	-15.329
-1.797	-13.716	-0.789	-15.446
-0.789	-15.446	-0.739	-15.457
-0.789	-15.446	-0.303	-15.523
-0.789	-15.446	-0.273	-15.371
-0.789	-15.446	-0.029	-20.959
-0.029	-20.959	0.718	-26.476
-0.029	-20.959	1.099	-20.012
-0.029	-20.959	0.433	-20.655
-0.029	-20.959	0.483	-20.614
-0.029	-20.959	2.178	-23.003
2.178	-23.003	1.831	-23.091
2.178	-23.003	2.413	-22.684
2.178	-23.003	1.760	-22.552
2.178	-23.003	2.879	-24.894
2.178	-23.003	2.739	-24.183
2.178	-23.003	3.503	-25.447
2.178	-23.003	2.650	-23.588
2.650	-23.588	2.351	-24.542
2.650	-23.588	3.869	-25.134
2.650	-23.588	2.836	-23.864
2.650	-23.588	3.397	-24.313
3.397	-24.313	2.581	-24.677
3.397	-24.313	3.356	-24.007
3.397	-24.313	3.177	-24.323
3.397	-24.313	3.299	-21.927
3.299	-21.927	2.795	-22.650
3.299	-21.927	3.409	-22.453
3.299	-21.927	2.594	-21.112
3.299	-21.927	2.681	-22.475
3.299	-21.927	4.026	-21.630
4.026	-21.630	3.242	-24.113
4.026	-21.630	5.824	-22.296
4.026	-21.630	4.400	-22.001
4.026	-21.630	5.072	-20.557
4.026	-21.630	4.988	-20.600
4.988	-20.600	4.087	-19.924
4.988	-20.600	4.757	-19.947
4.988	-20.600	5.242	-20.716
4.988	-20.600	5.054	-20.049
4.988	-20.600	6.412	-19.829
6.412	-19.829	6.246	-20.459
6.412	-19.829	6.382	-19.966
6.412	-19.829	6.413	-19.896
6.412	-19.829	8.220	-21.149
8.220	-21.149	8.199	-21.192
8.220	-21.149	7.459	-21.279
8.220	-21.149	8.248	-21.234
8.220	-21.149	8.232	-22.973
8.232	-22.973	8.162	-22.863
8.232	-22.973	7.671	-22.808
8.232	-22.973	8.135	-23.014
8.232	-22.973	3.023	-26.818
3.023	-26.818	3.234	-26.954
3.023	-26.818	2.631	-27.789
3.023	-26.818	3.110	-26.946
3.023	-26.818	2.378	-25.232
3.023	-26.818	1.993	-27.163
1.993	-27.163	2.060	-26.151
1.993	-27.163	1.867	-26.603
1.993	-27.163	2.174	-27.374
1.993	-27.163	2.168	-27.374
1.993	-27.163	2.168	-27.352
1.993	-27.163	2.159	-27.354
2.159	-27.354	-0.629	-25.969
-0.629	-25.969	-0.265	-26.177
-0.629	-25.969	0.497	-27.142
-0.629	-25.969	-0.028	-26.616
-0.629	-25.969	-2.187	-24.626
-0.629	-25.969	-0.483	-24.756
-0.629	-25.969	-1.155	-25.910
-0.629	-25.969	-0.834	-25.703
-0.629	-25.969	-2.168	-24.687
-0.629	-25.969	-1.776	-31.125
-1.776	-31.125	-1.301	-31.094
-1.776	-31.125	-1.685	-30.870
-1.776	-31.125	-1.314	-30.843
-1.776	-31.125	-0.757	-34.114
-1.776	-31.125	-0.818	-34.037
-1.776	-31.125	-0.780	-34.095
-1.776	-31.125	-0.782	-34.078
-1.776	-31.125	-0.775	-34.078
-1.776	-31.125	-0.777	-34.121
-0.777	-34.121	-2.452	-32.996
-2.452	-32.996	-2.723	-33.038
-2.452	-32.996	-2.461	-33.791
-2.452	-32.996	-2.450	-33.142
-2.452	-32.996	-4.557	-34.576
-4.557	-34.576	-4.900	-33.886
-4.557	-34.576	-4.643	-34.435
-4.557	-34.576	-4.683	-34.391
-4.557	-34.576	-5.807	-35.121
2.159	-27.354	3.408	-25.581
3.408	-25.581	3.514	-25.537
3.408	-25.581	3.732	-25.943
3.408	-25.581	2.904	-25.502
3.408	-25.581	3.431	-25.223
3.408	-25.581	3.241	-25.995
3.408	-25.581	3.465	-25.759
3.408	-25.581	3.910	-25.170
3.408	-25.581	4.035	-25.738
3.408	-25.581	3.473	-26.501
3.408	-25.581	3.942	-25.412
3.408	-25.581	3.449	-25.547
3.408	-25.581	3.956	-25.425
3.956	-25.425	3.572	-25.736
3.956	-25.425	4.412	-25.526
3.956	-25.425	4.210	-25.852
3.956	-25.425	4.279	-25.788
4.279	-25.788	3.991	-26.088
4.279	-25.788	3.831	-25.589
4.279	-25.788	4.314	-25.926
4.314	-25.926	4.997	-25.360
4.314	-25.926	4.986	-25.974
4.314	-25.926	4.976	-25.966
4.314	-25.926	4.953	-25.509
4.314	-25.926	5.059	-25.672
5.059	-25.672	5.270	-25.625
-1.797	-13.716	-4.095	-13.086
-4.095	-13.086	-3.532	-13.105
-4.095	-13.086	-4.043	-13.213
-4.095	-13.086	-3.941	-11.707
-4.095	-13.086	-3.462	-13.201
-3.462	-13.201	-4.501	-13.787
-3.462	-13.201	-4.130	-12.611
-3.462	-13.201	-3.246	-12.705
-3.462	-13.201	-3.661	-13.330
-3.661	-13.330	-2.855	-13.568
-3.661	-13.330	-3.513	-14.099
-3.661	-13.330	-2.888	-13.111
-2.888	-13.111	-3.464	-13.169
-2.888	-13.111	-3.092	-14.405
-2.888	-13.111	-3.473	-13.647
-2.888	-13.111	-3.791	-11.428
-3.791	-11.428	-3.394	-11.470
-3.791	-11.428	-3.571	-10.607
-3.791	-11.428	-3.777	-12.369
-3.791	-11.428	-2.583	-11.568
-2.583	-11.568	-2.151	-11.680
-2.583	-11.568	-2.582	-12.941
-2.583	-11.568	-2.381	-9.727
-2.583	-11.568	-1.311	-10.168
-2.583	-11.568	-1.931	-10.789
-1.931	-10.789	-2.474	-10.325
-1.931	-10.789	-2.758	-11.069
-1.931	-10.789	-2.161	-11.099
-1.931	-10.789	-2.381	-11.881
-2.381	-11.881	-1.915	-11.976
-2.381	-11.881	-2.078	-11.784
-2.381	-11.881	-2.197	-12.966
-2.381	-11.881	-1.873	-13.581
-2.381	-11.881	-2.414	-14.785
-2.414	-14.785	-2.008	-14.913
-2.414	-14.785	-2.318	-15.214
-2.414	-14.785	-1.714	-14.303
-2.414	-14.785	-1.902	-15.649
-1.902	-15.649	-1.422	-15.623
-1.902	-15.649	-1.578	-14.822
-1.902	-15.649	-1.256	-15.982
-1.902	-15.649	-1.715	-18.452
-1.715	-18.452	-1.146	-18.464
-1.715	-18.452	-1.549	-19.090
-1.715	-18.452	-1.587	-18.940
-1.715	-18.452	-1.614	-18.326
-1.715	-18.452	-1.185	-18.522
-1.185	-18.522	-1.540	-18.616
-1.185	-18.522	-1.429	-18.254
-1.185	-18.522	-1.003	-18.457
-1.185	-18.522	-1.083	-19.503
-1.185	-18.522	-1.403	-18.699
-1.403	-18.699	-1.014	-18.737
-1.403	-18.699	-1.122	-18.284
-1.403	-18.699	-1.365	-19.609
-1.403	-18.699	-1.623	-20.648
-1.623	-20.648	-0.962	-20.495
-1.623	-20.648	-1.591	-20.593
-1.623	-20.648	-1.547	-21.595
-1.623	-20.648	-1.369	-21.030
-1.623	-20.648	-1.615	-19.489
-1.623	-20.648	-0.178	-21.954
-0.178	-21.954	-0.173	-21.990
-0.178	-21.954	-0.516	-22.701
-0.178	-21.954	0.125	-21.634
-0.178	-21.954	1.360	-22.484
1.360	-22.484	1.530	-22.486
1.360	-22.484	1.536	-21.832
1.360	-22.484	1.525	-21.204
1.360	-22.484	2.199	-21.844
1.360	-22.484	2.867	-24.019
2.867	-24.019	2.934	-24.055
2.867	-24.019	3.092	-23.728
2.867	-24.019	2.841	-23.826
2.867	-24.019	2.049	-23.871
2.867	-24.019	4.232	-24.226
4.232	-24.226	3.765	-24.304
4.232	-24.226	4.074	-24.210
4.232	-24.226	4.170	-24.530
4.232	-24.226	4.022	-23.627
4.232	-24.226	4.075	-24.117
4.232	-24.226	3.488	-26.128
3.488	-26.128	4.108	-26.129
3.488	-26.128	3.568	-26.258
3.488	-26.128	4.140	-26.023
3.488	-26.128	4.013	-27.147
4.013	-27.147	3.606	-27.072
4.013	-27.147	3.792	-27.212
4.013	-27.147	3.701	-27.466
4.013	-27.147	3.471	-27.672
4.013	-27.147	3.472	-27.676
4.013	-27.147	4.409	-27.262
4.013	-27.147	4.034	-27.124
4.013	-27.147	4.211	-27.299
4.013	-27.147	3.468	-27.685
3.468	-27.685	3.203	-30.121
3.203	-30.121	3.635	-30.191
3.203	-30.121	3.467	-29.999
3.203	-30.121	3.428	-30.062
3.203	-30.121	3.124	-30.531
3.203	-30.121	2.829	-31.869
3.203	-30.121	2.621	-32.021
3.203	-30.121	3.174	-30.913
3.203	-30.121	3.470	-31.066
3.203	-30.121	3.352	-30.847
3.352	-30.847	2.864	-30.808
3.352	-30.847	3.528	-30.777
3.352	-30.847	3.004	-31.167
3.352	-30.847	2.736	-32.242
2.736	-32.242	3.210	-32.267
2.736	-32.242	2.142	-34.596
2.736	-32.242	3.238	-34.972
2.736	-32.242	2.764	-38.406
2.736	-32.242	2.118	-34.398
2.118	-34.398	3.184	-34.272
2.118	-34.398	1.247	-33.714
2.118	-34.398	2.579	-32.193
2.118	-34.398	2.445	-32.327
2.118	-34.398	2.262	-32.444
2.118	-34.398	3.139	-34.994
2.118	-34.398	2.998	-35.911
2.118	-34.398	2.431	-35.611
2.118	-34.398	3.039	-36.190
2.118	-34.398	3.454	-34.837
2.118	-34.398	2.778	-35.595
2.778	-35.595	2.603	-34.405
2.778	-35.595	2.785	-35.646
2.778	-35.595	2.644	-39.236
2.778	-35.595	2.565	-39.589
2.778	-35.595	2.698	-38.712
2.698	-38.712	2.960	-38.840
2.698	-38.712	2.476	-38.674
2.698	-38.712	2.335	-38.844
2.698	-38.712	2.232	-39.484
2.232	-39.484	2.640	-39.626
2.232	-39.484	2.267	-39.562
2.232	-39.484	2.392	-39.359
2.232	-39.484	2.404	-40.233
2.404	-40.233	1.948	-40.179
2.404	-40.233	1.743	-41.881
2.404	-40.233	1.487	-42.000
2.404	-40.233	1.827	-41.290
2.404	-40.233	2.477	-38.491

ELEVATION
STATIONS
0.000	0.000	0
-5.160	-6.808	1
-2.715	-7.051	2
-2.885	-12.553	3
-3.140	-22.475	4
-2.516	-47.994	5
-1.797	-47.606	6
-0.789	-47.940	7
-0.029	-47.817	8
2.178	-46.672	9
2.650	-45.565	10
3.397	-46.225	11
3.299	-51.034	12
4.026	-57.608	13
4.988	-59.968	14
6.412	-60.116	15
8.220	-60.158	16
8.232	-60.560	17
3.023	-61.687	18
1.993	-62.469	19
2.159	-73.301	20
-0.629	-75.726	21
-1.776	-79.899	22
-0.777	-88.414	23
-2.452	-89.458	24
-4.557	-89.641	25
-5.807	-90.136	26
3.408	-74.791	20.1
3.956	-75.569	20.2
4.279	-75.960	20.3
4.314	-77.812	20.4
5.059	-78.151	20.5
5.270	-80.831	20.6
-4.095	-47.613	6.1
-3.462	-50.230	6.2
-3.661	-56.603	6.3
-2.888	-58.982	6.4
-3.791	-58.605	6.5
-2.583	-70.464	6.6
-1.931	-73.223	6.7
-2.381	-74.573	6.8
-2.414	-76.740	6.9
-1.902	-80.363	6.10
-1.715	-81.662	6.11
-1.185	-82.695	6.12
-1.403	-83.598	6.13
-1.623	-86.832	6.14
-0.178	-87.319	6.15
1.360	-87.431	6.16
2.867	-89.235	6.17
4.232	-91.192	6.18
3.488	-93.778	6.19
4.013	-94.408	6.20
3.468	-94.677	6.21
3.203	-95.355	6.20.1
3.352	-95.681	6.20.2
2.736	-96.476	6.20.3
2.118	-94.223	6.20.4
2.778	-96.844	6.20.5
2.698	-97.066	6.20.6
2.232	-95.956	6.20.7
2.404	-94.882	6.20.8
SHOTS
0.000	0.000	8.319	-1.770
0.000	0.000	-7.768	-4.372
0.000	0.000	-7.181	-0.062
0.000	0.000	-0.021	-0.732
0.000	0.000	-4.764	-7.267
0.000	0.000	-5.235	-7.045
0.000	0.000	-1.197	0.265
0.000	0.000	1.805	0.084
0.000	0.000	4.264	-0.253
0.000	0.000	0.881	-0.451
0.000	0.000	0.176	-0.974
0.000	0.000	3.609	-0.535
0.000	0.000	0.954	-0.324
0.000	0.000	1.888	0.175
0.000	0.000	-0.352	-0.928
0.000	0.000	-2.946	-3.203
0.000	0.000	-3.073	-3.213
0.000	0.000	1.641	-6.298
0.000	0.000	0.135	-18.424
0.000	0.000	-0.021	-5.516
0.000	0.000	-0.919	0.050
0.000	0.000	0.274	-0.840
0.000	0.000	0.931	-0.455
0.000	0.000	4.235	-0.285
0.000	0.000	-5.160	-6.808
-5.160	-6.808	-0.946	-7.119
-5.160	-6.808	-5.817	-6.879
-5.160	-6.808	-2.715	-7.051
-2.715	-7.051	-1.711	-7.650
-2.715	-7.051	-0.327	-6.716
-2.715	-7.051	-1.147	-8.817
-2.715	-7.051	-1.790	-9.381
-2.715	-7.051	-5.848	-9.795
-2.715	-7.051	-2.885	-12.553
-2.885	-12.553	-1.566	-12.670
-2.885	-12.553	-0.106	-12.665
-2.885	-12.553	-0.591	-12.626
-2.885	-12.553	-2.776	-12.516
-2.885	-12.553	-3.908	-12.528
-2.885	-12.553	-2.251	-12.165
-2.885	-12.553	-1.582	-12.435
-2.885	-12.553	-3.140	-22.475
-3.140	-22.475	-1.182	-22.325
-3.140	-22.475	-3.851	-22.496
-3.140	-22.475	-2.520	-22.356
-3.140	-22.475	1.511	-23.149
-3.140	-22.475	-6.073	-21.910
-3.140	-22.475	-2.516	-47.994
-2.516	-47.994	-3.310	-47.893
-2.516	-47.994	-1.717	-47.886
-2.516	-47.994	-0.967	-47.642
-2.516	-47.994	-2.316	-47.788
-2.516	-47.994	-1.797	-47.606
-1.797	-47.606	-1.972	-48.994
-1.797	-47.606	-3.814	-47.672
-1.797	-47.606	-1.479	-47.764
-1.797	-47.606	-0.789	-47.940
-0.789	-47.940	-0.739	-48.901
-0.789	-47.940	-0.303	-47.998
-0.789	-47.940	-0.273	-46.710
-0.789	-47.940	-0.029	-47.817
-0.029	-47.817	0.718	-47.684
-0.029	-47.817	1.099	-47.850
-0.029	-47.817	0.433	-48.420
-0.029	-47.817	0.483	-46.608
-0.029	-47.817	2.178	-46.672
2.178	-46.672	1.831	-46.630
2.178	-46.672	2.413	-46.585
2.178	-46.672	1.760	-45.882
2.178	-46.672	2.879	-40.909
2.178	-46.672	2.739	-43.635
2.178	-46.672	3.503	-43.411
2.178	-46.672	2.650	-45.565
2.650	-45.565	2.351	-45.639
2.650	-45.565	3.869	-45.655
2.650	-45.565	2.836	-46.789
2.650	-45.565	3.397	-46.225
3.397	-46.225	2.581	-46.302
3.397	-46.225	3.356	-46.182
3.397	-46.225	3.177	-46.927
3.397	-46.225	3.299	-51.034
3.299	-51.034	2.795	-51.116
3.299	-51.034	3.409	-50.843
3.299	-51.034	2.594	-52.457
3.299	-51.034	2.681	-51.507
3.299	-51.034	4.026	-57.608
4.026	-57.608	3.242	-57.659
4.026	-57.608	5.824	-57.677
4.026	-57.608	4.400	-58.914
4.026	-57.608	5.072	-57.849
4.026	-57.608	4.988	-59.968
4.988	-59.968	4.087	-59.888
4.988	-59.968	4.757	-57.799
4.988	-59.968	5.242	-59.891
4.988	-59.968	5.054	-60.286
4.988	-59.968	6.412	-60.116
6.412	-60.116	6.246	-60.054
6.412	-60.116	6.382	-59.866
6.412	-60.116	6.413	-60.445
6.412	-60.116	8.220	-60.158
8.220	-60.158	8.199	-59.909
8.220	-60.158	7.459	-60.149
8.220	-60.158	8.248	-60.601
8.220	-60.158	8.232	-60.560
8.232	-60.560	8.162	-60.942
8.232	-60.560	7.671	-60.568
8.232	-60.560	8.135	-60.221
8.232	-60.560	3.023	-61.687
3.023	-61.687	3.234	-62.864
3.023	-61.687	2.631	-61.741
3.023	-61.687	3.110	-61.454
3.023	-61.687	2.378	-61.721
3.023	-61.687	1.993	-62.469
1.993	-62.469	2.060	-62.473
1.993	-62.469	1.867	-61.444
1.993	-62.469	2.174	-74.139
1.993	-62.469	2.168	-74.105
1.993	-62.469	2.168	-73.300
1.993	-62.469	2.159	-73.301
2.159	-73.301	-0.629	-75.726
-0.629	-75.726	-0.265	-76.737
-0.629	-75.726	0.497	-75.281
-0.629	-75.726	-0.028	-74.711
-0.629	-75.726	-2.187	-76.804
-0.629	-75.726	-0.483	-75.883
-0.629	-75.726	-1.155	-75.804
-0.629	-75.726	-0.834	-76.695
-0.629	-75.726	-2.168	-76.772
-0.629	-75.726	-1.776	-79.899
-1.776	-79.899	-1.301	-79.867
-1.776	-79.899	-1.685	-77.919
-1.776	-79.899	-1.314	-81.437
-1.776	-79.899	-0.757	-88.262
-1.776	-79.899	-0.818	-87.932
-1.776	-79.899	-0.780	-88.238
-1.776	-79.899	-0.782	-88.275
-1.776	-79.899	-0.775	-88.282
-1.776	-79.899	-0.777	-88.414
-0.777	-88.414	-2.452	-89.458
-2.452	-89.458	-2.723	-88.959
-2.452	-89.458	-2.461	-89.369
-2.452	-89.458	-2.450	-89.592
-2.452	-89.458	-4.557	-89.641
-4.557	-89.641	-4.900	-89.674
-4.557	-89.641	-4.643	-90.087
-4.557	-89.641	-4.683	-89.546
-4.557	-89.641	-5.807	-90.136
2.159	-73.301	3.408	-74.791
3.408	-74.791	3.514	-74.237
3.408	-74.791	3.732	-74.154
3.408	-74.791	2.904	-74.976
3.408	-74.791	3.431	-74.815
3.408	-74.791	3.241	-74.784
3.408	-74.791	3.465	-76.645
3.408	-74.791	3.910	-74.559
3.408	-74.791	4.035	-74.702
3.408	-74.791	3.473	-74.711
3.408	-74.791	3.942	-74.688
3.408	-74.791	3.449	-74.282
3.408	-74.791	3.956	-75.569
3.956	-75.569	3.572	-75.488
3.956	-75.569	4.412	-75.499
3.956	-75.569	4.210	-75.528
3.956	-75.569	4.279	-75.960
4.279	-75.960	3.991	-75.957
4.279	-75.960	3.831	-76.179
4.279	-75.960	4.314	-77.812
4.314	-77.812	4.997	-77.857
4.314	-77.812	4.986	-77.763
4.314	-77.812	4.976	-77.899
4.314	-77.812	4.953	-77.980
4.314	-77.812	5.059	-78.151
5.059	-78.151	5.270	-80.831
-1.797	-47.606	-4.095	-47.613
-4.095	-47.613	-3.532	-47.630
-4.095	-47.613	-4.043	-44.233
-4.095	-47.613	-3.941	-47.567
-4.095	-47.613	-3.462	-50.230
-3.462	-50.230	-4.501	-49.948
-3.462	-50.230	-4.130	-50.507
-3.462	-50.230	-3.246	-49.947
-3.462	-50.230	-3.661	-56.603
-3.661	-56.603	-2.855	-56.535
-3.661	-56.603	-3.513	-56.481
-3.661	-56.603	-2.888	-58.982
-2.888	-58.982	-3.464	-59.075
-2.888	-58.982	-3.092	-58.623
-2.888	-58.982	-3.473	-58.901
-2.888	-58.982	-3.791	-58.605
-3.791	-58.605	-3.394	-58.625
-3.791	-58.605	-3.571	-58.594
-3.791	-58.605	-3.777	-59.374
-3.791	-58.605	-2.583	-70.464
-2.583	-70.464	-2.151	-70.450
-2.583	-70.464	-2.582	-70.645
-2.583	-70.464	-2.381	-70.393
-2.583	-70.464	-1.311	-73.114
-2.583	-70.464	-1.931	-73.223
-1.931	-73.223	-2.474	-73.193
-1.931	-73.223	-2.758	-73.527
-1.931	-73.223	-2.161	-74.615
-1.931	-73.223	-2.381	-74.573
-2.381	-74.573	-1.915	-74.552
-2.381	-74.573	-2.078	-75.204
-2.381	-74.573	-2.197	-73.676
-2.381	-74.573	-1.873	-77.003
-2.381	-74.573	-2.414	-76.740
-2.414	-76.740	-2.008	-76.634
-2.414	-76.740	-2.318	-76.709
-2.414	-76.740	-1.714	-78.013
-2.414	-76.740	-1.902	-80.363
-1.902	-80.363	-1.422	-80.323
-1.902	-80.363	-1.578	-79.947
-1.902	-80.363	-1.256	-81.512
-1.902	-80.363	-1.715	-81.662
-1.715	-81.662	-1.146	-81.656
-1.715	-81.662	-1.549	-81.666
-1.715	-81.662	-1.587	-78.877
-1.715	-81.662	-1.614	-80.543
-1.715	-81.662	-1.185	-82.695
-1.185	-82.695	-1.540	-82.665
-1.185	-82.695	-1.429	-82.628
-1.185	-82.695	-1.003	-84.279
-1.185	-82.695	-1.083	-82.797
-1.185	-82.695	-1.403	-83.598
-1.403	-83.598	-1.014	-83.639
-1.403	-83.598	-1.122	-83.630
-1.403	-83.598	-1.365	-83.911
-1.403	-83.598	-1.623	-86.832
-1.623	-86.832	-0.962	-86.797
-1.623	-86.832	-1.591	-87.283
-1.623	-86.832	-1.547	-86.858
-1.623	-86.832	-1.369	-85.135
-1.623	-86.832	-1.615	-86.837
-1.623	-86.832	-0.178	-87.319
-0.178	-87.319	-0.173	-86.520
-0.178	-87.319	-0.516	-87.064
-0.178	-87.319	0.125	-87.119
-0.178	-87.319	1.360	-87.431
1.360	-87.431	1.530	-86.994
1.360	-87.431	1.536	-87.350
1.360	-87.431	1.525	-87.443
1.360	-87.431	2.199	-87.222
1.360	-87.431	2.867	-89.235
2.867	-89.235	2.934	-88.636
2.867	-89.235	3.092	-89.232
2.867	-89.235	2.841	-89.921
2.867	-89.235	2.049	-89.165
2.867	-89.235	4.232	-91.192
4.232	-91.192	3.765	-91.298
4.232	-91.192	4.074	-92.253
4.232	-91.192	4.170	-91.066
4.232	-91.192	4.022	-91.310
4.232	-91.192	4.075	-90.400
4.232	-91.192	3.488	-93.778
3.488	-93.778	4.108	-93.611
3.488	-93.778	3.568	-92.603
3.488	-93.778	4.140	-94.418
3.488	-93.778	4.013	-94.408
4.013	-94.408	3.606	-94.416
4.013	-94.408	3.792	-93.738
4.013	-94.408	3.701	-94.996
4.013	-94.408	3.471	-94.659
4.013	-94.408	3.472	-94.668
4.013	-94.408	4.409	-94.452
4.013	-94.408	4.034	-94.848
4.013	-94.408	4.211	-94.272
4.013	-94.408	3.468	-94.677
3.468	-94.677	3.203	-95.355
3.203	-95.355	3.635	-95.315
3.203	-95.355	3.467	-94.833
3.203	-95.355	3.428	-95.652
3.203	-95.355	3.124	-94.090
3.203	-95.355	2.829	-91.517
3.203	-95.355	2.621	-90.909
3.203	-95.355	3.174	-94.897
3.203	-95.355	3.470	-94.883
3.203	-95.355	3.352	-95.681
3.352	-95.681	2.864	-95.661
3.352	-95.681	3.528	-95.173
3.352	-95.681	3.004	-94.153
3.352	-95.681	2.736	-96.476
2.736	-96.476	3.210	-96.439
2.736	-96.476	2.142	-96.571
2.736	-96.476	3.238	-96.711
2.736	-96.476	2.764	-96.878
2.736	-96.476	2.118	-94.223
2.118	-94.223	3.184	-94.267
2.118	-94.223	1.247	-94.048
2.118	-94.223	2.579	-93.414
2.118	-94.223	2.445	-92.879
2.118	-94.223	2.262	-91.088
2.118	-94.223	3.139	-98.313
2.118	-94.223	2.998	-98.027
2.118	-94.223	2.431	-94.643
2.118	-94.223	3.039	-96.774
2.118	-94.223	3.454	-99.864
2.118	-94.223	2.778	-96.844
2.778	-96.844	2.603	-100.245
2.778	-96.844	2.785	-98.266
2.778	-96.844	2.644	-96.992
2.778	-96.844	2.565	-96.447
2.778	-96.844	2.698	-97.066
2.698	-97.066	2.960	-96.954
2.698	-97.066	2.476	-97.124
2.698	-97.066	2.335	-95.942
2.698	-97.066	2.232	-95.956
2.232	-95.956	2.640	-95.852
2.232	-95.956	2.267	-96.611
2.232	-95.956	2.392	-94.512
2.232	-95.956	2.404	-94.882
2.404	-94.882	1.948	-94.912
2.404	-94.882	1.743	-95.332
2.404	-94.882	1.487	-94.255
2.404	-94.882	1.827	-96.077
2.404	-94.882	2.477	-94.686
POLYLINE BLACK
1.891	-45.847
1.860	-45.865
1.826	-45.878
1.797	-45.899
1.775	-45.915
1.299	-46.326
1.059	-46.423
0.987	-46.452
0.911	-46.470
0.839	-46.500
0.793	-46.519
0.755	-46.557
0.707	-46.568
0.482	-46.618
0.254	-46.650
0.026	-46.684
-0.006	-46.689
-0.040	-46.684
-0.073	-46.683
-0.317	-46.678
-0.267	-46.745
-0.323	-46.626
POLYLINE BLACK
-0.949	-48.875
-0.936	-48.842
-0.929	-48.811
-0.908	-48.784
-0.859	-48.724
-0.703	-48.676
-0.675	-48.666
-0.340	-48.551
-0.351	-48.596
0.030	-48.501
0.114	-48.480
0.193	-48.442
0.276	-48.420
0.479	-48.367
0.444	-48.417
0.603	-48.333
0.804	-48.226
0.917	-48.087
1.111	-47.936
1.154	-47.903
1.206	-47.882
1.250	-47.851
1.321	-47.801
1.387	-47.744
1.456	-47.691
POLYLINE BLACK
2.340	-46.745
2.277	-46.886
2.290	-46.839
2.253	-47.025
2.248	-47.047
2.253	-47.085
2.258	-47.105
2.282	-47.191
2.334	-47.256
2.384	-47.329
POLYLINE BLACK
2.333	-46.745
2.386	-46.758
2.439	-46.774
2.493	-46.782
2.502	-46.784
2.638	-46.783
2.693	-46.805
2.709	-46.812
2.733	-46.826
2.744	-46.839
2.764	-46.863
2.889	-46.995
2.924	-47.076
2.929	-47.088
2.933	-47.100
2.935	-47.113
2.950	-47.205
2.963	-47.297
2.974	-47.390
2.976	-47.403
2.971	-47.425
2.967	-47.437
2.954	-47.474
2.922	-47.505
2.887	-47.521
2.832	-47.547
2.775	-47.571
2.718	-47.593
2.711	-47.596
2.703	-47.597
2.695	-47.598
2.646	-47.602
2.597	-47.577
2.566	-47.540
2.391	-47.339
2.445	-47.423
2.356	-47.253
POLYLINE BLACK
2.839	-45.589
2.902	-45.616
2.915	-45.616
2.962	-45.653
2.984	-45.671
3.002	-45.693
3.026	-45.707
3.073	-45.737
3.121	-45.767
3.174	-45.786
3.203	-45.796
3.235	-45.791
3.265	-45.794
POLYLINE BLACK
2.891	-45.596
2.953	-45.525
3.014	-45.453
3.076	-45.382
3.081	-45.377
3.084	-45.371
3.089	-45.366
3.110	-45.345
3.142	-45.343
3.169	-45.351
3.189	-45.356
3.209	-45.361
3.227	-45.370
3.306	-45.410
3.412	-45.449
3.448	-45.539
3.462	-45.571
3.463	-45.605
3.452	-45.638
3.433	-45.694
3.416	-45.750
3.394	-45.805
3.372	-45.860
3.375	-45.854
3.331	-45.856
POLYLINE BLACK
1.706	-45.846
1.668	-45.878
POLYLINE BLACK
1.750	-45.886
1.988	-45.584
1.935	-45.660
2.280	-45.072
2.339	-44.973
2.389	-44.869
2.433	-44.762
2.461	-44.695
2.504	-44.561
2.505	-44.469
2.506	-44.313
2.499	-44.156
2.501	-44.000
2.502	-43.946
2.520	-43.870
2.552	-43.824
2.628	-43.714
2.764	-43.669
2.879	-43.617
2.932	-43.593
2.987	-43.575
3.041	-43.553
3.063	-43.544
3.085	-43.533
3.107	-43.526
3.160	-43.510
3.216	-43.502
3.269	-43.485
3.353	-43.458
3.433	-43.417
3.518	-43.393
3.604	-43.368
3.786	-43.347
3.875	-43.360
3.902	-43.363
3.923	-43.384
3.946	-43.396
POLYLINE BLACK
4.008	-43.462
3.978	-43.547
3.942	-43.706
3.875	-43.802
3.857	-43.829
3.833	-43.851
3.816	-43.878
3.756	-43.980
3.770	-43.997
3.720	-44.108
3.693	-44.165
3.659	-44.219
3.632	-44.276
3.624	-44.294
3.616	-44.313
3.615	-44.333
3.603	-44.505
3.611	-44.679
3.593	-44.851
3.586	-44.918
3.555	-44.980
3.539	-45.045
3.535	-45.060
3.534	-45.077
3.535	-45.093
3.540	-45.163
3.555	-45.233
3.557	-45.303
3.559	-45.367
3.554	-45.431
3.548	-45.495
3.542	-45.565
3.525	-45.537
3.512	-45.618
3.503	-45.671
3.494	-45.725
3.499	-45.779
3.501	-45.795
3.521	-45.802
3.532	-45.814
POLYLINE BLACK
3.555	-45.778
3.586	-46.068
3.579	-46.362
3.555	-46.652
3.550	-46.709
3.531	-46.764
3.526	-46.821
3.522	-46.859
3.525	-46.898
3.527	-46.936
3.532	-47.050
3.540	-47.164
3.544	-47.278
3.554	-47.506
3.534	-47.257
3.555	-47.488
POLYLINE BLUE
-0.846	-48.509
-0.883	-48.444
POLYLINE BLUE
-0.883	-48.423
-0.926	-48.435
POLYLINE BLUE
-0.927	-48.423
-0.735	-48.406
-0.544	-48.389
-0.352	-48.372
-0.298	-48.362
-0.243	-48.349
-0.188	-48.342
-0.098	-48.331
-0.008	-48.323
0.082	-48.319
0.127	-48.317
0.262	-48.344
0.292	-48.347
0.342	-48.352
0.393	-48.356
0.443	-48.353
0.461	-48.352
0.408	-48.343
0.391	-48.340
0.364	-48.336
0.330	-48.337
0.303	-48.344
0.223	-48.363
0.144	-48.383
0.065	-48.407
0.008	-48.424
-0.045	-48.456
-0.103	-48.466
-0.298	-48.498
-0.495	-48.513
-0.691	-48.533
-0.879	-48.553
-0.792	-48.511
-0.904	-48.583

